3355436800.000000 
-1677717888.000000 
-19.866440 
-168.000000 
0.000000 
552.382141 
-4.570082 
-12.691571 
0.000000 
110.150360 
17.015430 
-315.509674 
0.000000 
-55.467056 
3.006702 
-36.000000 
0.000000 
32.000000 
-31.757053 
504.000000 
0.000000 
-139.927017 
20.394058 
0.000000 
-57.061310 
12.415427 
-105.097534 
0.000000 
-19.665579 
3.361959 
-508.000000 
0.000000 
-508.000000 
3.361959 
-23.999998 
0.000000 
-79.206406 
12.415426 
-38.053596 
0.000000 
-265.212860 
20.394058 
-134.490326 
0.000000 
525.706726 
-31.757053 
32.000000 
0.000000 
-36.000000 
3.006702 
-56.000000 
0.000000 
-337.248749 
17.015430 
107.807976 
0.000000 
20.123812 
-4.570083 
551.097534 
0.000000 
-194.574097 
-19.866440 
-1677717888.000000 
3355436800.000000 
