0
0
0
0
0
0
0
0
0
0
0
0
0
0
0
0
0
0
0
0
0
0
0
0
0
0
0
0
0
0
0
0
0
0
0
0
0
0
0
0
0
0
0
0
0
0
0
0
0
0
0
0
0
0
0
0
0
0
0
0
0
0
0
0
0
0
0
0
0
0
0
0
0
0
0
0
0
0
0
0
0
0
0
0
0
0
0
0
0
0
0
0
0
0
0
0
0
0
0
0
0
0
0
0
0
0
0
0
0
0
0
0
0
0
0
0
0
0
0
0
0
0
0
0
0
0
0
0
0
0
0
0
0
0
0
0
0
0
0
0
0
0
0
0
0
0
0
0
0
0
0
0
0
0
0
0
0
0
0
0
0
0
0
0
0
0
0
0
0
0
0
0
0
0
0
0
0
0
0
0
0
0
0
0
0
0
0
0
0
0
0
0
0
0
0
0
0
0
0
0
0
0
0
0
0
0
0
0
0
0
0
0
0
0
0
0
0
0
0
0
0
0
0
0
0
0
0
0
0
0
0
0
0
0
0
0
0
0
0
0
0
0
0
0
0
0
0
0
0
0
0
0
0
0
0
0
0
0
0
0
0
0
0
0
0
0
0
0
0
0
0
0
0
0
0
0
0
0
0
0
0
0
0
0
0
0
0
0
0
0
0
0
0
0
0
0
0
0
0
0
0
0
0
0
0
0
0
0
0
0
0
0
0
0
0
0
0
0
0
0
0
0
0
0
0
0
0
0
0
0
0
0
0
0
0
0
0
0
0
0
0
0
0
0
0
0
0
0
0
0
0
0
0
0
0
0
0
0
0
0
0
0
0
0
0
0
0
0
0
0
0
0
0
0
0
0
0
0
0
0
0
0
0
0
0
0
0
0
0
0
0
0
0
0
0
0
0
0
0
0
0
0
0
0
0
0
0
0
0
0
0
0
0
0
0
0
0
0
0
0
0
0
0
0
0
0
0
0
0
0
0
0
0
0
0
0
0
0
0
0
0
0
0
0
0
0
0
0
0
0
0
0
0
0
0
0
0
0
0
0
0
0
0
0
0
0
0
0
0
0
0
0
0
0
0
0
0
0
0
0
0
0
0
0
0
0
0
0
0
0
0
0
0
0
0
0
0
0
0
0
0
0
0
0
0
0
0
0
0
0
0
0
0
0
0
0
0
0
0
0
0
0
0
0
0
0
0
0
0
0
0
0
0
0
0
0
0
0
0
0
0
0
0
0
0
0
0
0
0
0
0
0
0
0
0
0
0
0
0
0
0
0
0
0
0
0
0
0
0
0
1
0
0
0
0
0
0
0
0
0
0
0
0
0
0
0
0
0
0
0
0
0
0
0
0
0
0
0
0
0
0
0
0
0
0
0
0
0
-138445
2919214
-4873020
3779128
-3366582
-7007282
-2305400
7283606
5337056
1656262
156466
4779003
7766147
-2845088
3888212
2497307
-4569692
-3047109
591377
4416396
6822792
5251867
4912247
-7505854
-3493757
-693105
-8071906
-280869
-866678
5248609
-1879258
4776117
-5887983
-2375207
-4791431
978143
-1316299
-7475503
-3052700
2243790
7624259
242068
5288826
-7881240
-3402626
-6663533
-1777456
-7814684
-1871294
1589739
-7377283
3577836
-795279
985262
2908534
2568351
3600180
-3530226
-2838350
5461720
3383303
7464527
5118880
-3782840
-6324459
323971
4843760
4042977
-850193
-1200094
2705317
-1021933
-2528897
4520814
5983362
7427795
-6984350
4583326
2999738
750455
5125758
1205737
1531642
182369
-519180
-5587884
1494976
-2238855
3583327
-1649325
-4190722
3791990
2566497
5339457
-671978
-4993796
8005506
164763
1728794
2030979
-5855395
-555492
-4594073
-6694892
4732709
-668779
4832653
1055186
-1309848
-4987735
-6127746
6383700
-5660103
-1824696
4439581
-5093422
-1723495
-4402681
4697360
6601757
-8015565
-3823554
2727655
-2810261
-5404816
414719
2592914
4125168
-2567724
2872533
1326378
1884491
-4008791
-2180521
-1805307
-1225026
1674754
5180812
2075421
-7888583
6912006
-1174498
-6223930
964662
579219
6903641
-3975239
2420834
698917
4036864
2602082
3564312
