-0.002227 -0.020202 
-0.026392 -0.009238 
-0.030734 0.026605 
0.006764 0.057994 
0.068631 0.040704 
0.095871 -0.035369 
0.041907 -0.114482 
-2.149455 -0.389983 
4.023912 0.511581 
-2.193213 -0.189725 
-0.016375 0.130471 
0.077918 0.089851 
0.105198 -0.000326 
0.056591 -0.072527 
-0.024592 -0.076860 
-0.070431 -0.015462 
-0.042249 0.051492 
0.026557 0.057012 
0.059326 0.000651 
0.024054 -0.048941 
-0.030278 -0.037721 
-0.040057 0.010404 
-0.005362 0.033973 
0.023560 0.014797 
0.017813 -0.012318 
-0.003138 -0.015730 
-0.010975 -0.002265 
-0.004079 0.006150 
0.002653 -0.000744 
0.000131 -0.001502 
-0.000613 -0.000274 
-0.000020 0.000151 
0.000089 -0.000338 
-0.000687 -0.000317 
-0.000883 0.001003 
0.001068 0.001908 
0.003284 -0.000468 
0.001123 -0.004565 
-0.005098 -0.003678 
-0.006718 0.004210 
0.001522 0.009447 
0.010719 0.002594 
0.007246 -0.009753 
-0.006442 -0.011073 
-0.012982 0.001508 
-0.003817 0.012242 
0.009125 0.008072 
0.010180 -0.004510 
0.000217 -0.009959 
-0.007868 -0.003934 
-0.006154 0.004675 
0.001232 0.006604 
0.005562 0.001462 
0.002809 -0.003770 
-0.002375 -0.003046 
-0.002783 0.001740 
0.001666 0.002635 
0.002880 -0.002175 
-0.002873 -0.004283 
-0.007311 0.002346 
-0.001142 0.010497 
0.011147 0.007247 
0.013858 -0.008235 
-0.002227 -0.020202 
