0.000000  0.000000
0.000000  0.000000
0.000000  0.000000
0.000000  0.000000
0.000000  0.000000
0.000000  -0.000009
0.000045  -0.000226
0.000511  -0.000051
0.000333  0.001497
-0.001342  -0.001317
0.001735  0.001725
-0.005236  0.018837
-0.033090  0.002059
-0.031171  -0.040487
0.010025  -0.051411
0.047160  -0.033034
0.063173  0.008296
0.043564  0.056947
-0.010199  0.077720
-0.067112  0.051553
-0.089918  -0.011788
-0.058799  -0.076529
0.013243  -0.101162
0.084992  -0.065324
0.111023  0.014518
0.070875  0.092197
-0.015562  0.119115
-0.097842  0.075244
-0.125125  -0.016330
-0.078255  -0.101737
0.016803  -0.128827
0.103712  -0.079796
0.130073  0.016945
0.079810  0.103704
-0.016766  0.128831
-0.101706  0.078291
-0.125135  -0.016270
-0.075310  -0.097799
0.015471  -0.119125
0.092130  -0.070958
0.111034  0.014406
0.065424  0.084914
-0.013108  0.101179
-0.076439  0.058908
-0.089941  -0.011642
-0.051669  -0.067023
0.010054  -0.077737
0.057031  -0.043975
0.065048  0.008405
0.036131  0.046844
-0.006758  0.052358
-0.036855  0.028434
-0.040156  -0.005178
-0.021182  -0.027448
0.003722  -0.028911
0.018982  -0.014653
0.019054  0.002451
0.009099  0.011783
-0.001409  0.010963
-0.006129  0.004734
-0.004952  -0.000636
-0.001727  -0.002235
0.000160  -0.001250
0.000250  -0.000193
