505000.000000 
2014800.000000 
4515200.000000 
7981800.000000 
12381400.000000 
17671600.000000 
23801600.000000 
30712000.000000 
38336600.000000 
46601800.000000 
55428000.000000 
64730200.000000 
74419000.000000 
84400800.000000 
94579600.000000 
104857400.000000 
115135200.000000 
125314000.000000 
135295808.000000 
144984608.000000 
154286800.000000 
163112992.000000 
171378208.000000 
179002800.000000 
185913200.000000 
192043200.000000 
197333408.000000 
201732992.000000 
205199600.000000 
207700000.000000 
209209792.000000 
209714800.000000 
209209792.000000 
207700000.000000 
205199600.000000 
201732992.000000 
197333408.000000 
192043200.000000 
185913200.000000 
179002800.000000 
171378208.000000 
163112992.000000 
154286800.000000 
144984608.000000 
135295808.000000 
125314000.000000 
115135200.000000 
104857400.000000 
94579600.000000 
84400800.000000 
74419000.000000 
64730200.000000 
55428000.000000 
46601800.000000 
38336600.000000 
30712000.000000 
23801600.000000 
17671600.000000 
12381400.000000 
7981800.000000 
4515200.000000 
2014800.000000 
505000.000000 
0.000000 
