252500.000000 
1007400.000000 
2257600.000000 
3990900.000000 
6190700.000000 
8835800.000000 
11900800.000000 
15356000.000000 
19168300.000000 
23300900.000000 
27714000.000000 
32365100.000000 
37209500.000000 
42200400.000000 
47289800.000000 
52428700.000000 
57567600.000000 
62657000.000000 
67647904.000000 
72492304.000000 
77143400.000000 
81556496.000000 
85689104.000000 
89501400.000000 
92956600.000000 
96021600.000000 
98666704.000000 
100866496.000000 
102599800.000000 
103850000.000000 
104604896.000000 
104857400.000000 
104604896.000000 
103850000.000000 
102599800.000000 
100866496.000000 
98666704.000000 
96021600.000000 
92956600.000000 
89501400.000000 
85689104.000000 
81556496.000000 
77143400.000000 
72492304.000000 
67647904.000000 
62657000.000000 
57567600.000000 
52428700.000000 
47289800.000000 
42200400.000000 
37209500.000000 
32365100.000000 
27714000.000000 
23300900.000000 
19168300.000000 
15356000.000000 
11900800.000000 
8835800.000000 
6190700.000000 
3990900.000000 
2257600.000000 
1007400.000000 
252500.000000 
0.000000 
