0
0
0
0
0
0
0
0
0
0
0
0
0
0
0
0
0
0
0
0
0
0
0
0
0
0
0
0
0
0
0
0
0
0
0
0
0
0
0
0
0
0
0
0
0
0
0
0
0
0
0
0
0
0
0
0
0
0
0
0
0
0
0
0
0
0
0
0
0
0
0
0
0
0
0
0
0
0
0
0
0
0
0
0
0
0
0
0
0
0
0
0
0
0
0
0
0
0
0
0
0
0
0
0
0
0
0
0
0
0
0
1
1
1
0
0
0
0
0
0
0
0
0
0
0
0
0
0
0
0
0
0
0
0
0
0
0
0
0
0
0
0
0
0
0
0
0
0
0
0
0
0
0
0
0
0
0
0
0
0
0
0
0
0
0
0
0
0
0
0
0
0
0
0
0
0
0
0
0
0
0
0
0
0
0
0
0
0
0
0
0
0
0
0
0
0
0
0
0
0
0
0
0
0
0
0
0
0
0
0
0
0
0
0
0
0
0
0
0
0
0
0
-5401
934
-2578
-6531
-7007
-4425
4728
-7672
7034
1909
-4700
-6455
2024
1620
-266
6695
-2156
-2390
-6934
5530
-6427
4644
-1213
-6498
-293
5671
7019
-5992
-8131
378
6963
2677
-5467
-6228
6434
6569
-5613
5305
-5333
-5036
-7418
-7965
5682
-7750
-5051
-6685
-6795
4075
2668
7095
-2261
-507
3909
4045
7734
6752
-6357
2916
1512
-4867
-1528
-5293
-2163
-3381
3409
5043
7148
2959
4989
-2943
-5811
-7112
-7962
7430
-4305
-3657
-6950
5528
7595
-6789
-7230
3099
-5438
-912
3711
-1753
8163
5921
5674
6756
-1753
5703
3335
5326
-6790
5764
4473
-3379
5604
5273
1191
-1045
5716
-3853
2616
-7018
3720
5921
1608
7875
6616
